-1.500000000000000000e+00  9.752095759065587677e-01
-1.396551724137931050e+00  9.695404531744209464e-01
-1.293103448275862100e+00  9.625831240675495337e-01
-1.189655172413793149e+00  9.540490777507244502e-01
-1.086206896551724199e+00  9.435873503964901099e-01
-9.827586206896551380e-01  9.307721262242328875e-01
-8.793103448275861878e-01  9.150884709813011941e-01
-7.758620689655172376e-01  8.959162548729731057e-01
-6.724137931034482873e-01  8.725125696334323777e-01
-5.689655172413793371e-01  8.439933569119127954e-01
-4.655172413793102759e-01  8.093156252552580199e-01
-3.620689655172413257e-01  7.672626570992746586e-01
-2.586206896551723755e-01  7.164361536393900609e-01
-1.551724137931034253e-01  6.552615397405500142e-01
-5.172413793103447510e-02  5.820159011185618292e-01
5.172413793103447510e-02  4.948925132691068818e-01
1.551724137931034253e-01  3.921218407582603427e-01
2.586206896551723755e-01  2.721761856747586528e-01
3.620689655172413257e-01  1.340931918080867091e-01
4.655172413793102759e-01  -2.203974601379847867e-02
5.689655172413794482e-01  -1.943967481078694992e-01
6.724137931034483984e-01  -3.784894720117079059e-01
7.758620689655173486e-01  -5.660181882061070535e-01
8.793103448275862988e-01  -7.436018170278180239e-01
9.827586206896552490e-01  -8.916696942583244301e-01
1.086206896551724199e+00  -9.840971109136813499e-01
1.189655172413793149e+00  -9.895988583928755356e-01
1.293103448275862100e+00  -8.763882017647587341e-01
1.396551724137931050e+00  -6.218857024895783070e-01
1.500000000000000000e+00  -2.286589465313375868e-01
